100
2 2
0.50 0.50
4 2
0.00 0.00 1.00 1.00
3 2
0.50 0.75 1.00
16 8
0.61 1.00 0.54 0.72 0.99 0.94 0.98 0.98 0.71 0.66 0.76 1.00 1.00 0.52 0.98 1.00
16 8
0.67 0.65 0.03 0.68 0.60 0.02 0.63 0.64 0.61 0.70 0.07 0.67 0.70 0.60 0.63 0.10
16 14
0.99 0.98 1.00 0.99 1.00 1.00 0.98 0.98 0.98 0.98 1.00 0.98 0.99 0.98 0.98 0.98
16 8
0.33 0.02 0.18 0.00 0.41 0.03 0.00 0.00 0.14 0.33 0.45 0.02 0.02 0.33 0.00 0.02
12 8
0.96 0.86 0.04 0.81 1.00 0.03 0.36 0.36 0.44 0.77 0.82 0.86
16 14
0.64 0.04 0.65 0.65 0.63 0.01 0.08 0.70 0.69 0.67 0.65 0.63 0.03 0.67 0.70 0.63
2 2
0.05 0.45
8 4
1.00 1.00 1.00 1.00 0.00 1.00 1.00 1.00
16 8
0.66 0.43 0.47 0.54 0.72 0.55 0.55 0.51 0.70 0.59 0.44 0.60 0.67 0.67 0.57 0.58
16 10
0.51 0.51 0.49 0.51 0.50 0.51 0.50 0.51 0.50 0.49 0.51 0.50 0.49 0.49 0.51 0.49
3 2
0.50 0.40 0.60
4 2
0.00 0.00 1.00 0.00
16 6
0.00 0.01 0.02 0.01 0.00 0.01 0.00 0.00 0.02 0.00 0.02 0.02 0.01 0.02 0.02 0.02
4 2
0.00 1.00 1.00 1.00
8 6
1.00 1.00 1.00 1.00 1.00 1.00 1.00 1.00
16 8
0.09 0.09 0.64 0.03 0.65 0.69 0.08 0.03 0.01 0.06 0.62 0.03 0.09 0.05 0.04 0.10
16 10
0.65 0.67 0.65 0.01 0.68 0.61 0.61 0.07 0.02 0.67 0.62 0.00 0.62 0.60 0.69 0.60
16 6
0.55 0.51 0.43 0.61 0.64 0.56 0.37 0.63 0.35 0.44 0.38 0.55 0.56 0.60 0.38 0.67
16 2
0.08 0.05 0.01 0.07 0.03 0.00 0.63 0.05 0.61 0.07 0.09 0.09 0.69 0.06 0.03 0.61
16 8
0.70 0.55 0.80 0.53 0.68 0.71 0.42 0.35 0.70 0.62 0.47 0.41 0.56 0.54 0.77 0.74
16 2
0.54 0.60 0.30 0.46 0.40 0.30 0.36 0.60 0.50 0.52 0.62 0.37 0.31 0.47 0.56 0.35
16 2
0.02 0.00 0.00 0.02 0.01 0.00 0.00 0.01 0.01 0.00 0.00 0.02 0.00 0.02 0.01 0.01
16 6
0.49 0.50 0.50 0.49 0.49 0.49 0.49 0.49 0.49 0.50 0.49 0.51 0.51 0.51 0.50 0.49
12 4
0.82 0.43 0.25 0.59 0.23 0.71 0.44 0.08 0.87 0.09 0.75 0.18
4 4
0.00 0.00 1.00 1.00
16 8
0.00 0.00 0.02 0.14 0.28 0.02 0.43 0.00 0.02 0.02 0.06 0.00 0.06 0.00 0.35 0.01
16 8
0.33 0.03 0.10 0.05 0.02 0.02 0.00 0.01 0.04 0.90 0.03 0.55 0.11 0.20 0.00 0.45
16 2
0.50 0.50 0.51 0.51 0.50 0.49 0.50 0.49 0.49 0.49 0.50 0.50 0.49 0.51 0.49 0.50
3 2
0.01 0.04 0.02
8 2
1.00 1.00 1.00 1.00 0.00 1.00 1.00 0.00
16 12
0.00 0.04 0.66 0.60 0.10 0.03 0.07 0.04 0.02 0.08 0.09 0.62 0.05 0.64 0.01 0.02
16 6
0.98 0.99 0.99 0.98 1.00 0.98 0.99 1.00 0.99 0.99 1.00 0.99 0.98 1.00 1.00 0.99
2 2
1.00 1.00
16 8
0.98 0.04 0.99 0.01 0.10 0.08 0.98 0.05 0.99 0.95 0.94 0.05 0.97 0.08 0.07 0.92
4 4
0.50 0.50 0.50 0.50
16 8
0.78 0.40 0.76 0.75 0.33 0.78 0.55 0.74 0.36 0.49 0.43 0.77 0.72 0.40 0.22 0.29
8 6
1.00 1.00 0.00 1.00 1.00 1.00 1.00 1.00
16 8
0.04 0.09 0.10 0.06 0.05 0.10 0.91 0.93 0.92 0.01 0.97 0.96 0.04 0.97 0.90 0.91
16 8
0.10 0.73 0.08 0.08 0.44 0.02 0.06 0.08 0.36 0.69 0.29 0.01 0.00 0.04 0.32 0.17
16 2
0.62 0.60 0.10 0.63 0.67 0.61 0.01 0.01 0.67 0.69 0.10 0.68 0.70 0.68 0.67 0.70
8 6
1.00 0.00 1.00 1.00 0.00 1.00 1.00 1.00
16 8
0.60 0.45 0.47 0.67 0.54 0.51 0.66 0.57 0.67 0.55 0.55 0.70 0.43 0.72 0.59 0.58
16 14
0.02 0.00 0.02 0.02 0.02 0.02 0.02 0.00 0.01 0.01 0.02 0.00 0.00 0.02 0.00 0.01
16 6
0.69 0.70 0.10 0.09 0.04 0.08 0.62 0.10 0.05 0.10 0.64 0.08 0.04 0.07 0.07 0.04
16 8
0.79 0.40 0.55 0.72 0.74 0.49 0.77 0.29 0.22 0.33 0.43 0.76 0.75 0.40 0.78 0.36
16 10
0.46 0.52 0.49 0.50 0.52 0.46 0.46 0.51 0.50 0.52 0.49 0.54 0.50 0.47 0.51 0.50
16 12
0.68 0.69 0.65 0.61 0.07 0.70 0.70 0.65 0.67 0.64 0.10 0.00 0.70 0.61 0.65 0.05
16 2
0.40 0.34 0.86 0.63 0.37 0.62 0.58 0.46 0.08 0.74 0.96 0.43 0.15 0.19 0.61 0.15
4 2
1.00 0.02 0.00 0.00
8 6
1.00 0.00 0.00 1.00 1.00 1.00 0.00 0.00
16 8
0.98 0.05 0.45 0.98 0.06 0.99 0.98 0.28 0.27 1.00 0.98 0.39 0.03 0.98 1.00 0.21
16 8
0.65 0.76 0.46 0.52 0.75 0.66 0.75 0.49 0.38 0.73 0.72 0.78 0.41 0.81 0.45 0.57
8 2
1.00 0.00 0.00 1.00 1.00 0.00 0.00 1.00
16 10
0.07 0.64 0.04 0.67 0.07 0.09 0.00 0.10 0.67 0.10 0.07 0.66 0.05 0.09 0.04 0.02
2 2
0.00 0.00
16 14
0.50 0.50 0.50 0.51 0.49 0.49 0.50 0.51 0.49 0.50 0.50 0.50 0.50 0.49 0.51 0.50
16 8
0.52 0.76 0.57 0.78 0.75 0.41 0.75 0.72 0.81 0.66 0.73 0.65 0.45 0.49 0.45 0.38
16 4
0.06 0.62 0.70 0.65 0.06 0.65 0.68 0.68 0.66 0.60 0.06 0.00 0.60 0.62 0.65 0.69
4 2
0.00 0.00 0.02 0.00
16 14
0.04 0.03 0.06 0.04 0.04 0.65 0.05 0.68 0.64 0.05 0.01 0.02 0.00 0.04 0.09 0.61
3 2
0.10 0.80 0.50
2 2
0.00 1.00
16 6
0.01 0.65 0.64 0.64 0.61 0.61 0.65 0.08 0.68 0.64 0.70 0.63 0.03 0.68 0.10 0.60
3 2
0.30 0.50 0.80
4 2
1.00 1.00 0.00 0.98
3 2
0.50 0.50 0.50
2 2
0.50 0.00
16 8
0.24 0.99 0.31 1.00 1.00 1.00 0.32 0.99 0.35 0.42 0.49 0.99 0.98 0.29 0.45 1.00
8 6
1.00 1.00 0.00 0.00 1.00 1.00 1.00 0.00
4 2
0.01 0.01 0.98 0.99
3 2
1.00 0.00 0.00
16 8
0.23 0.04 0.07 0.49 0.99 0.02 0.37 0.01 0.02 0.82 0.95 0.07 0.01 0.02 0.02 0.05
16 10
0.98 0.10 0.87 0.84 0.16 0.95 0.86 0.14 0.36 0.77 0.30 0.53 0.07 0.33 0.48 0.01
8 4
1.00 1.00 0.00 0.00 1.00 1.00 1.00 1.00
8 2
1.00 1.00 1.00 1.00 1.00 1.00 0.00 1.00
16 10
1.00 0.99 1.00 1.00 0.98 1.00 1.00 1.00 1.00 0.99 1.00 1.00 0.98 0.98 0.98 0.99
16 8
0.99 0.79 0.57 0.96 0.60 0.98 0.98 0.98 0.98 0.76 1.00 0.61 1.00 0.68 1.00 0.83
16 10
0.59 0.62 0.51 0.53 0.39 0.47 0.61 0.70 0.33 0.61 0.37 0.45 0.40 0.60 0.49 0.69
8 2
1.00 1.00 1.00 0.00 0.00 1.00 1.00 0.00
16 8
0.07 0.96 0.08 0.07 0.08 0.94 0.10 0.94 0.96 0.93 0.91 0.92 0.06 0.99 0.10 0.06
16 8
0.54 0.42 0.70 0.35 0.74 0.41 0.71 0.55 0.70 0.79 0.68 0.56 0.77 0.47 0.62 0.53
16 14
0.96 0.01 0.73 0.41 0.93 0.73 0.15 0.90 0.07 0.37 0.59 0.71 0.12 0.75 0.97 0.37
16 8
0.97 0.01 0.01 0.88 0.02 0.51 0.02 0.01 0.00 0.01 0.00 0.72 0.68 0.91 0.55 0.94
4 4
0.99 0.01 0.01 0.98
4 2
0.00 0.00 0.00 0.00
8 4
1.00 1.00 1.00 1.00 1.00 1.00 1.00 1.00
8 4
1.00 1.00 1.00 0.00 0.00 1.00 0.00 0.00
16 14
0.34 0.64 0.70 0.57 0.39 0.61 0.50 0.40 0.44 0.52 0.54 0.70 0.38 0.31 0.63 0.56
8 2
1.00 1.00 1.00 1.00 1.00 1.00 1.00 1.00
16 10
0.50 0.50 0.53 0.50 0.46 0.46 0.52 0.47 0.51 0.52 0.49 0.49 0.52 0.50 0.51 0.46
16 4
0.66 0.65 0.04 0.10 0.03 0.08 0.67 0.61 0.02 0.01 0.05 0.09 0.07 0.04 0.00 0.03
16 2
0.99 1.00 0.98 1.00 0.99 1.00 1.00 0.98 1.00 0.99 0.98 1.00 0.98 1.00 0.99 1.00
16 6
1.00 0.31 0.14 0.86 0.87 0.89 0.31 0.15 0.39 0.71 0.18 0.17 0.93 0.47 0.12 0.05
8 4
1.00 1.00 1.00 1.00 0.00 1.00 0.00 0.00
12 4
0.97 0.73 0.44 0.69 0.17 0.88 0.28 0.22 0.10 0.30 0.69 0.08
16 10
0.00 0.01 0.01 0.01 0.02 0.02 0.01 0.02 0.02 0.00 0.00 0.02 0.01 0.02 0.01 0.02
16 8
0.02 0.00 0.75 0.71 0.02 0.76 0.61 0.74 0.83 0.01 0.00 0.91 0.00 0.93 0.01 0.02
